%YAML:1.0
cam_K: !!opencv-matrix
   rows: 3
   cols: 3
   dt: d
   data: [ 1.2562700288729632e+003, 0., 4.0644851312427022e+002, 0.,
       1.2613809453466449e+003, 3.3190497197483495e+002, 0., 0., 1. ]
cam_kc: !!opencv-matrix
   rows: 1
   cols: 5
   dt: d
   data: [ -8.2481506751137801e-002, -5.5772860610686914e-001,
       1.5443298940217857e-003, -1.7385720334153558e-003, 0. ]
proj_K: !!opencv-matrix
   rows: 3
   cols: 3
   dt: d
   data: [ 1.6783322972408478e+003, 0., 5.6390102211553290e+002, 0.,
       1.6908029428901348e+003, 7.1136774451664110e+002, 0., 0., 1. ]
proj_kc: !!opencv-matrix
   rows: 1
   cols: 5
   dt: d
   data: [ 9.4290577572918449e-002, -7.7770701328075398e-001,
       1.5529255284260954e-002, 6.9676830756058945e-003, 0. ]
R: !!opencv-matrix
   rows: 3
   cols: 3
   dt: d
   data: [ 9.8761038318207528e-001, 2.4678165570756940e-002,
       -1.5497328535917654e-001, -1.8735618756697939e-002,
       9.9903637499587206e-001, 3.9690024249311631e-002,
       1.5580342621636445e-001, -3.6294759665406018e-002,
       9.8712105782425297e-001 ]
T: !!opencv-matrix
   rows: 3
   cols: 1
   dt: d
   data: [ 8.8911799183491695e+001, -1.2273792441237036e+002,
       2.5230047188644011e+002 ]
cam_error: 2.4617932451920704e-001
proj_error: 1.8612967958100438e-001
stereo_error: 3.2864466602590098e-001
